3.556900000000000000e+04
4.502000000000000000e+04
5.745000000000000000e+04
7.915800000000000000e+04
2.384631000000000058e+05
7.249068000000000466e+05
1.000000000000000000e+06
1.600000000000000000e+06
2.500000000000000000e+06
3.500000000000000000e+06
5.000000000000000000e+06
1.928000000000000000e+03
2.246000000000000000e+03
2.600000000000000000e+03
3.465000000000000000e+03
3.592900000000000091e+03
4.317399999999999636e+03
4.448000000000000000e+03
4.750800000000000182e+03
5.470199999999999818e+03
5.921000000000000000e+03
6.275500000000000000e+03
6.818600000000000364e+03
7.671199999999999818e+03
7.693000000000000000e+03
9.028200000000000728e+03
9.036000000000000000e+03
1.247100000000000000e+04
1.251700000000000000e+04
1.392400000000000000e+04
1.539600000000000000e+04
1.634700000000000000e+04
2.157700000000000000e+04
3.556900000000000000e+04
4.502000000000000000e+04
5.745000000000000000e+04
7.915800000000000000e+04
3.637000000000000000e+03
4.563000000000000000e+03
5.396000000000000000e+03
6.517000000000000000e+03
7.838000000000000000e+03
3.750000000000000000e+03
6.443000000000000000e+03
4.317399999999999636e+03
5.919000000000000000e+03
5.919000000000000000e+03
7.693000000000000000e+03
8.057000000000000000e+03
9.033000000000000000e+03
9.033000000000000000e+03
1.235600000000000000e+04
1.253000000000000000e+04
1.247100000000000000e+04
1.392400000000000000e+04
1.539600000000000000e+04
1.649600000000000000e+04
2.157400000000000000e+04
2.160990000000000146e+04
4.256300000000000182e+03
4.443133300000000418e+03
5.060699999999999818e+03
5.258899999999999636e+03
5.499000000000000000e+03
5.762100000000000364e+03
5.984000000000000000e+03
6.230000000000000000e+03
6.499176800000000185e+03
6.782481399999999667e+03
7.358699999999999818e+03
7.681199999999999818e+03
7.971000000000000000e+03
8.561000000000000000e+03
3.556900000000000000e+04
4.502000000000000000e+04
5.745000000000000000e+04
7.915800000000000000e+04
