2.189415200000000006e+00
2.094180150000000129e+00
2.264772479999999977e+00
2.090086470000000141e+00
1.934256570000000064e+00
2.091937249999999970e+00
2.229999999999999982e+00
1.968862300000000065e+00
2.082787549999999932e+00
2.083948190000000089e+00
2.050489409999999957e+00
1.974874969999999896e+00
2.230286870000000032e+00
2.025314180000000075e+00
2.095464799999999794e+00
2.070009699999999953e+00
2.096058049999999895e+00
1.927121010000000023e+00
2.290154789999999885e+00
1.963818309999999956e+00
2.310000000000000053e+00
2.093123180000000083e+00
2.163391009999999781e+00
2.107312460000000165e+00
1.919115439999999895e+00
2.104602419999999974e+00
2.201655060000000219e+00
2.103297870000000014e+00
2.178966340000000113e+00
1.973002230000000079e+00
1.975553480000000084e+00
2.168883810000000079e+00
2.174765359999999870e+00
2.252545829999999860e+00
2.087972430000000212e+00
1.921222610000000053e+00
2.092884119999999903e+00
2.282700750000000056e+00
2.290000000000000036e+00
2.219649309999999875e+00
2.224101430000000157e+00
2.195209259999999940e+00
2.237236929999999901e+00
2.104050969999999854e+00
2.165966220000000053e+00
2.096634739999999830e+00
2.224595059999999958e+00
1.934122829999999960e+00
2.041878779999999782e+00
2.193225599999999886e+00
2.177254469999999831e+00
2.176064460000000089e+00
2.125463390000000174e+00
2.020292669999999902e+00
2.060335910000000048e+00
2.080728890000000053e+00
1.974779749999999945e+00
2.161815390000000114e+00
2.198522249999999900e+00
2.093101390000000173e+00
1.939727580000000007e+00
2.200000000000000178e+00
2.261000000000000121e+00
2.043104640000000138e+00
2.052144440000000181e+00
2.003230869999999886e+00
2.278714149999999883e+00
2.082314799999999799e+00
1.937962820000000086e+00
2.008237910000000070e+00
2.166999999999999815e+00
2.028700000000000170e+00
1.964837490000000075e+00
2.012666750000000171e+00
2.041689419999999977e+00
1.997862589999999994e+00
2.152853069999999924e+00
2.212268910000000144e+00
2.170593039999999974e+00
1.963606559999999890e+00
2.034583609999999876e+00
2.141941609999999940e+00
2.078582019999999808e+00
1.946804930000000100e+00
2.038762670000000110e+00
1.939755710000000022e+00
2.332475130000000174e+00
2.304086460000000169e+00
2.251711320000000072e+00
1.558335510000000035e+00
2.058935309999999852e+00
1.990450169999999908e+00
2.105999999999999872e+00
2.106072409999999895e+00
2.107612079999999999e+00
1.932164119999999929e+00
2.103123689999999879e+00
2.135919219999999896e+00
2.079194429999999816e+00
2.076409669999999874e+00
2.216418140000000037e+00
2.068155990000000166e+00
2.034096509999999913e+00
1.945178920000000033e+00
2.036113700000000026e+00
2.026272759999999895e+00
2.131449139999999964e+00
2.098304549999999935e+00
1.970131880000000058e+00
1.960848179999999941e+00
2.031396159999999895e+00
1.939263650000000005e+00
2.317877380000000098e+00
2.044019259999999782e+00
2.307353040000000188e+00
2.071174360000000103e+00
2.044856970000000107e+00
2.268740610000000046e+00
2.086751989999999779e+00
2.266118389999999927e+00
1.994614380000000020e+00
2.074813699999999983e+00
2.048915940000000102e+00
2.093804510000000008e+00
2.021727750000000157e+00
1.966752829999999896e+00
2.197799170000000135e+00
2.026667220000000214e+00
2.039712359999999780e+00
2.011554990000000043e+00
1.958310530000000105e+00
2.036897499999999805e+00
1.923111199999999910e+00
1.968517070000000091e+00
2.040054370000000006e+00
1.998654699999999895e+00
2.013217050000000174e+00
2.008558840000000068e+00
2.090053080000000119e+00
2.032031799999999944e+00
2.210635460000000219e+00
2.078432170000000134e+00
1.968822150000000049e+00
2.105207220000000046e+00
1.945550190000000068e+00
2.221207469999999962e+00
2.250124819999999914e+00
2.134410959999999857e+00
2.141041360000000005e+00
2.142695269999999930e+00
2.262323289999999876e+00
2.077047369999999837e+00
2.139783360000000023e+00
1.992282719999999951e+00
2.015731890000000082e+00
1.949355530000000059e+00
2.217225480000000193e+00
2.238845019999999852e+00
2.323885859999999859e+00
1.946910480000000110e+00
2.235949869999999784e+00
2.254893190000000214e+00
2.014387619999999934e+00
2.222132810000000180e+00
2.316501370000000115e+00
2.134618769999999888e+00
2.137355079999999852e+00
2.028776230000000069e+00
2.174802650000000170e+00
1.987517250000000013e+00
2.190097269999999874e+00
2.232824570000000008e+00
1.946771280000000104e+00
2.139896610000000088e+00
2.142661939999999987e+00
2.253940050000000195e+00
2.293445629999999902e+00
2.079353750000000112e+00
1.987255489999999902e+00
1.915421409999999991e+00
2.229899230000000010e+00
2.073337309999999878e+00
2.081279939999999939e+00
2.216657549999999866e+00
2.030645890000000175e+00
2.177381730000000015e+00
1.991550319999999985e+00
1.987517809999999940e+00
2.030159700000000011e+00
2.069435490000000044e+00
1.995113340000000068e+00
2.316804439999999854e+00
2.108201269999999905e+00
2.062849009999999872e+00
2.013617659999999976e+00
1.986056339999999976e+00
2.031273420000000218e+00
2.180428130000000131e+00
1.995560049999999919e+00
2.000196789999999947e+00
2.320224689999999867e+00
2.317871330000000007e+00
2.031644109999999781e+00
1.999925919999999913e+00
1.998597930000000078e+00
2.086251669999999780e+00
2.324641129999999833e+00
1.940472490000000105e+00
2.235720929999999829e+00
2.320957560000000086e+00
2.224826549999999958e+00
2.266861329999999786e+00
2.236096449999999791e+00
2.321998440000000219e+00
1.976505270000000092e+00
1.961595769999999961e+00
1.988736990000000038e+00
2.097332489999999883e+00
2.248033079999999906e+00
2.045819139999999869e+00
2.242083940000000108e+00
2.038023490000000049e+00
1.954691579999999984e+00
2.116209819999999908e+00
2.237367879999999865e+00
2.269744649999999808e+00
2.149719070000000176e+00
1.960726100000000027e+00
1.960917140000000058e+00
2.013659660000000073e+00
1.921648199999999918e+00
2.147497330000000204e+00
2.229759739999999990e+00
2.263798289999999991e+00
2.314880899999999908e+00
2.081933810000000218e+00
2.003749689999999806e+00
2.270322890000000093e+00
2.199809999999999821e+00
2.257752280000000056e+00
1.998778659999999929e+00
2.147442160000000211e+00
2.216222520000000085e+00
2.051028590000000040e+00
2.005807739999999839e+00
2.018395980000000201e+00
2.051623719999999818e+00
2.234420119999999788e+00
2.234999999999999876e+00
2.000000000000000000e+00
2.273000000000000131e+00
2.052961030000000076e+00
2.188521099999999997e+00
2.240446509999999947e+00
2.083160869999999942e+00
1.968557200000000007e+00
2.021640420000000216e+00
1.975321979999999922e+00
2.264553489999999947e+00
2.228673870000000168e+00
2.319293630000000217e+00
2.018945940000000050e+00
2.226834699999999945e+00
1.963332510000000086e+00
2.002986809999999895e+00
2.046301119999999862e+00
2.207135060000000149e+00
1.997702880000000070e+00
1.956930229999999993e+00
2.245409290000000002e+00
2.123138739999999913e+00
2.241023670000000134e+00
2.014241440000000161e+00
1.974650730000000021e+00
1.976342129999999919e+00
1.916519789999999945e+00
2.070095020000000119e+00
2.223634590000000077e+00
1.951812630000000048e+00
2.303765100000000121e+00
2.199665389999999832e+00
2.147382190000000080e+00
2.096910750000000156e+00
1.931772709999999948e+00
2.287234830000000052e+00
2.093830720000000145e+00
2.158773989999999809e+00
2.004863879999999821e+00
2.091205260000000177e+00
2.211274829999999803e+00
2.058091679999999979e+00
2.061737889999999851e+00
2.233347970000000071e+00
2.263307209999999792e+00
2.220000000000000195e+00
1.914156399999999980e+00
2.190692110000000081e+00
2.268896770000000007e+00
2.290858689999999864e+00
2.240458509999999848e+00
1.989870870000000069e+00
2.180052750000000206e+00
2.266503900000000016e+00
2.200207100000000082e+00
2.251009380000000171e+00
2.094507220000000114e+00
1.984084760000000003e+00
1.968499420000000111e+00
1.982720449999999968e+00
1.977518880000000090e+00
1.974771559999999981e+00
1.989359799999999900e+00
1.976465130000000014e+00
2.025341599999999964e+00
2.098625730000000189e+00
2.270000000000000018e+00
2.275251320000000188e+00
2.160988849999999850e+00
1.904165770000000091e+00
2.178402559999999877e+00
2.128253079999999908e+00
2.127664359999999810e+00
2.271328099999999850e+00
